Date,C5TC,HS7TC,P4TC,S10TC
02-Jan-2020,11976,8376,7695,7539
03-Jan-2020,10825,8139,7201,7277
06-Jan-2020,9783,7975,6677,7065
07-Jan-2020,9022,7805,6273,6723
08-Jan-2020,9020,7675,5887,6519
09-Jan-2020,9199,7530,5727,6392
10-Jan-2020,9438,7352,5603,6267
13-Jan-2020,9322,7198,5498,6221
14-Jan-2020,9255,7110,5563,6190
15-Jan-2020,9011,6987,6086,6154
16-Jan-2020,8801,6900,6391,6151
17-Jan-2020,8352,6825,6494,6156
20-Jan-2020,7760,6802,6455,6156
21-Jan-2020,7062,6753,6082,6116
22-Jan-2020,5911,6705,5508,6053
23-Jan-2020,5071,6592,5089,6002
24-Jan-2020,4772,6486,4880,5976
27-Jan-2020,4632,6388,4718,5959
28-Jan-2020,4631,6295,4525,5920
29-Jan-2020,4487,6187,4312,5858
30-Jan-2020,4081,6094,4015,5804
31-Jan-2020,3973,5979,3827,5764
03-Feb-2020,3666,5872,3574,5734
04-Feb-2020,3496,5761,3402,5699
05-Feb-2020,3015,5629,3345,5634
06-Feb-2020,3021,5558,3437,5570
07-Feb-2020,2660,5468,3535,5400
10-Feb-2020,2588,5427,3577,5327
11-Feb-2020,2760,5322,3674,5248
12-Feb-2020,2713,5282,3898,5189
13-Feb-2020,2532,5253,4170,5152
14-Feb-2020,2445,5234,4388,5171
17-Feb-2020,2491,5221,4581,5217
18-Feb-2020,2638,5244,4871,5288
19-Feb-2020,2713,5302,5160,5376
20-Feb-2020,2735,5361,5460,5556
21-Feb-2020,2787,5474,5751,5767
24-Feb-2020,2693,5546,5966,5977
25-Feb-2020,2475,5663,6131,6173
26-Feb-2020,2358,5736,6397,6348
27-Feb-2020,2367,5794,6636,6490
28-Feb-2020,2274,5831,6811,6667
02-Mar-2020,2172,5881,6896,6827
03-Mar-2020,2197,5931,7083,6961
04-Mar-2020,2230,6039,7315,7111
05-Mar-2020,2515,6188,7895,7377
06-Mar-2020,2542,6292,8274,7564
09-Mar-2020,2385,6384,8271,7748
10-Mar-2020,2552,6526,8237,7938
11-Mar-2020,2570,6737,8175,8088
12-Mar-2020,2692,6948,7978,8190
13-Mar-2020,2797,7103,7725,8255
16-Mar-2020,2795,7210,7396,8293
17-Mar-2020,2800,7307,7031,8299
18-Mar-2020,3507,7464,6639,8304
19-Mar-2020,3843,7569,6316,8231
20-Mar-2020,4067,7617,5923,8146
23-Mar-2020,4152,7705,5632,8047
24-Mar-2020,4102,7736,5378,7921
25-Mar-2020,3903,7615,5148,7724
26-Mar-2020,3818,7466,5101,7426
27-Mar-2020,3675,7224,5227,7054
30-Mar-2020,3765,7011,5253,6664
31-Mar-2020,5853,6756,5477,6248
01-Apr-2020,5899,6557,5714,5890
02-Apr-2020,6013,6299,5795,5640
03-Apr-2020,5949,6117,5834,5442
06-Apr-2020,5697,6035,5869,5333
07-Apr-2020,5616,5833,5862,5195
08-Apr-2020,6003,5670,5908,4997
09-Apr-2020,6762,5509,5979,4852
14-Apr-2020,7915,5366,6025,4724
15-Apr-2020,8666,5212,6044,4612
16-Apr-2020,9223,5063,6056,4522
17-Apr-2020,9875,4958,6093,4449
20-Apr-2020,10081,4847,6066,4381
21-Apr-2020,9556,4742,5898,4292
22-Apr-2020,8925,4648,5669,4225
23-Apr-2020,8531,4556,5496,4208
24-Apr-2020,8381,4450,5383,4269
27-Apr-2020,8292,4403,5331,4313
28-Apr-2020,8172,4335,5242,4362
29-Apr-2020,7872,4307,5146,4442
30-Apr-2020,7702,4279,5066,4509
01-May-2020,7263,4305,5001,4543
04-May-2020,6792,4212,4979,4576
05-May-2020,6257,4192,4892,4582
06-May-2020,5301,4154,4768,4620
07-May-2020,4858,4110,4663,4657
11-May-2020,3842,4133,4587,4738
12-May-2020,2893,4108,4470,4775
13-May-2020,2082,4116,4320,4841
14-May-2020,1992,4135,4188,4908
15-May-2020,2394,4147,4088,4953
18-May-2020,2875,4199,4056,5012
19-May-2020,3462,4263,4054,5085
20-May-2020,3951,4297,4129,5179
21-May-2020,4196,4372,4270,5257
22-May-2020,4140,4487,4382,5350
26-May-2020,4120,4631,4572,5450
27-May-2020,3786,4722,4862,5502
28-May-2020,3228,4809,5147,5520
29-May-2020,3369,4875,5453,5505
01-Jun-2020,3648,4934,5655,5465
02-Jun-2020,4213,5022,5815,5448
03-Jun-2020,5267,5124,5949,5435
04-Jun-2020,6177,5218,6000,5485
05-Jun-2020,7307,5297,5988,5578
08-Jun-2020,7745,5385,5945,5660
09-Jun-2020,8055,5474,5856,5856
10-Jun-2020,9142,5555,5832,6116
11-Jun-2020,10676,5670,6055,6328
12-Jun-2020,12410,5777,6329,6563
15-Jun-2020,13297,5927,6623,6734
16-Jun-2020,14786,6051,7209,6865
17-Jun-2020,19036,6187,7834,6977
18-Jun-2020,25280,6375,8719,7130
19-Jun-2020,25511,6533,9267,7230
22-Jun-2020,25364,6627,9504,7285
23-Jun-2020,26672,6729,9661,7341
24-Jun-2020,28657,6850,9866,7419
25-Jun-2020,29395,6934,9937,7457
26-Jun-2020,29641,7008,9970,7460
29-Jun-2020,30778,7105,9971,7471
30-Jun-2020,30857,7216,9979,7514
01-Jul-2020,30939,7287,9962,7545
02-Jul-2020,31377,7343,9981,7628
03-Jul-2020,32682,7424,10504,7716
06-Jul-2020,33760,7458,11051,7788
07-Jul-2020,32911,7498,11777,7979
08-Jul-2020,29610,7555,12315,8498
09-Jul-2020,28081,7669,12675,8896
10-Jul-2020,27644,7823,12950,9184
13-Jul-2020,26964,7888,13040,9420
14-Jul-2020,25562,7963,13039,9622
15-Jul-2020,24387,8062,12875,9793
16-Jul-2020,24639,8160,12562,9885
17-Jul-2020,25085,8232,12196,10014
20-Jul-2020,24469,8287,11852,10123
21-Jul-2020,22635,8346,11400,10222
22-Jul-2020,20120,8436,10676,10250
23-Jul-2020,18542,8465,10027,10174
24-Jul-2020,17284,8473,9450,10070
27-Jul-2020,17014,8503,9113,9963
28-Jul-2020,16524,8528,8884,9866
29-Jul-2020,17721,8508,9155,9786
30-Jul-2020,18326,8506,9495,9657
31-Jul-2020,18296,8539,9709,9565
03-Aug-2020,19051,8495,9951,9477
04-Aug-2020,20687,8464,10504,9359
05-Aug-2020,20383,8440,11357,9289
06-Aug-2020,20434,8442,12112,9318
07-Aug-2020,19912,8475,12734,9408
10-Aug-2020,19697,8518,13064,9533
11-Aug-2020,19204,8554,13705,9673
12-Aug-2020,19339,8636,14387,9822
13-Aug-2020,19774,8722,14838,10018
14-Aug-2020,19916,8846,15079,10194
17-Aug-2020,19900,9064,15036,10378
18-Aug-2020,19693,9232,14845,10441
19-Aug-2020,19468,9458,14479,10494
20-Aug-2020,18570,9692,13965,10530
21-Aug-2020,17918,9833,13540,10586
24-Aug-2020,18305,9981,13353,10617
25-Aug-2020,19013,10111,13322,10603
26-Aug-2020,18896,10171,13208,10560
27-Aug-2020,18775,10220,13232,10538
28-Aug-2020,18394,10258,13213,10537
01-Sep-2020,18044,10277,13103,10540
02-Sep-2020,17638,10276,12777,10553
03-Sep-2020,16748,10254,12299,10537
04-Sep-2020,16252,10246,11924,10481
07-Sep-2020,16102,10224,11704,10441
08-Sep-2020,15892,10200,11388,10346
09-Sep-2020,15482,10163,10994,10238
10-Sep-2020,15075,10122,10700,10150
11-Sep-2020,15248,10075,10481,10092
14-Sep-2020,15737,10039,10368,10057
15-Sep-2020,15943,9968,10330,10032
16-Sep-2020,15664,9960,10356,10136
17-Sep-2020,15875,9975,10412,10226
18-Sep-2020,15761,10049,10499,10351
21-Sep-2020,16089,10102,10555,10451
22-Sep-2020,17229,10186,10596,10555
23-Sep-2020,18592,10346,10711,10681
24-Sep-2020,22841,10430,10911,10809
25-Sep-2020,24178,10528,11087,10910
28-Sep-2020,23733,10573,11176,10978
29-Sep-2020,23813,10606,11180,10994
30-Sep-2020,25631,10644,11031,10943
01-Oct-2020,29332,10650,10939,10914
02-Oct-2020,33066,10672,11019,10900
05-Oct-2020,34293,10663,11107,10868
06-Oct-2020,34896,10685,11213,10838
07-Oct-2020,33465,10674,11358,10831
08-Oct-2020,31507,10687,11516,10819
09-Oct-2020,29479,10718,11614,10807
12-Oct-2020,27333,10729,11650,10805
13-Oct-2020,25497,10771,11591,10804
14-Oct-2020,23305,10781,11377,10775
15-Oct-2020,21737,10786,10950,10751
16-Oct-2020,19952,10789,10570,10736
19-Oct-2020,18402,10776,10345,10741
20-Oct-2020,17121,10752,10123,10704
21-Oct-2020,17151,10728,9973,10693
22-Oct-2020,18537,10743,9958,10692
23-Oct-2020,18749,10748,10133,10696
26-Oct-2020,18304,10737,10287,10690
27-Oct-2020,18606,10737,10317,10644
28-Oct-2020,17881,10725,10364,10586
29-Oct-2020,15781,10688,10335,10536
30-Oct-2020,15550,10647,10268,10438
02-Nov-2020,15715,10622,10137,10374
03-Nov-2020,15445,10585,9916,10251
04-Nov-2020,14691,10541,9739,10146
05-Nov-2020,14177,10484,9544,10029
06-Nov-2020,14421,10490,9375,9914
09-Nov-2020,14848,10498,9289,9827
10-Nov-2020,14781,10490,9194,9763
11-Nov-2020,13379,10509,9152,9707
12-Nov-2020,12854,10522,9259,9721
13-Nov-2020,12498,10541,9444,9728
16-Nov-2020,12282,10532,9594,9728
17-Nov-2020,12029,10580,9928,9766
18-Nov-2020,11730,10678,10286,9895
19-Nov-2020,11858,10761,10594,10061
20-Nov-2020,11897,10838,10840,10226
23-Nov-2020,12021,10909,11120,10473
24-Nov-2020,11996,11029,11247,10699
25-Nov-2020,12186,11247,11382,10944
26-Nov-2020,12514,11538,11494,11124
27-Nov-2020,12712,11685,11527,11198
30-Nov-2020,12621,11765,11507,11241
01-Dec-2020,12332,11848,11357,11225
02-Dec-2020,12322,11885,11071,11209
03-Dec-2020,12274,11936,10768,11162
04-Dec-2020,12606,11952,10647,11121
07-Dec-2020,11766,11949,10588,11119
08-Dec-2020,10607,11929,10759,11129
09-Dec-2020,10295,11941,11158,11188
10-Dec-2020,10951,11985,11511,11252
11-Dec-2020,11889,12024,11847,11337
14-Dec-2020,12282,12058,12026,11422
15-Dec-2020,13128,12128,12079,11501
16-Dec-2020,13826,12150,11855,11590
17-Dec-2020,14143,12175,11563,11624
18-Dec-2020,14943,12203,11285,11631
21-Dec-2020,15085,12205,11059,11596
22-Dec-2020,15469,12204,10833,11528
23-Dec-2020,16409,12189,10665,11520
24-Dec-2020,16633,12178,10590,11424
04-Jan-2021,16656,12040,10936,11305
05-Jan-2021,17408,11980,11465,11242
06-Jan-2021,17310,11924,11830,11247
07-Jan-2021,17598,11894,12197,11255
08-Jan-2021,21131,11805,12695,11322
11-Jan-2021,24507,11744,13245,11430
12-Jan-2021,26421,11695,13467,11602
13-Jan-2021,26489,11698,13466,11742
14-Jan-2021,24979,11726,13226,11878
15-Jan-2021,23989,11745,13209,11951
18-Jan-2021,23541,11764,13223,12051
19-Jan-2021,24148,11806,13170,12147
20-Jan-2021,25557,11875,13214,12310
21-Jan-2021,25515,11992,13413,12464
22-Jan-2021,24631,12056,13598,12566
25-Jan-2021,23366,12188,13652,12676
26-Jan-2021,20709,12299,13607,12743
27-Jan-2021,17790,12398,13471,12798
28-Jan-2021,16133,12550,13344,12821
29-Jan-2021,15675,12615,13359,12820
01-Feb-2021,15516,12660,13333,12780
02-Feb-2021,14053,12705,13279,12639
03-Feb-2021,12802,12762,13268,12553
04-Feb-2021,12772,12813,13322,12531
05-Feb-2021,12662,12937,13624,12583
08-Feb-2021,12057,13050,13862,12639
09-Feb-2021,11359,13200,14328,12720
10-Feb-2021,10749,13337,14836,12930
11-Feb-2021,10312,13474,15502,13164
12-Feb-2021,10304,13512,16160,13384
15-Feb-2021,10457,13650,16640,13551
16-Feb-2021,12314,13869,18213,13879
17-Feb-2021,15856,14406,21323,14739
18-Feb-2021,15690,15199,20901,15849
19-Feb-2021,14224,16223,19655,16648
22-Feb-2021,13873,17011,19556,17581
23-Feb-2021,13216,17603,19419,19183
24-Feb-2021,12315,18316,19149,20046
25-Feb-2021,12203,18907,18532,20530
26-Feb-2021,11934,19254,17920,20662
01-Mar-2021,11679,19427,17439,20672
02-Mar-2021,12152,19565,17563,20668
03-Mar-2021,13910,19646,18114,20775
04-Mar-2021,13874,19790,18568,20903
05-Mar-2021,14794,20357,18829,21089
08-Mar-2021,15138,20797,18987,21268
09-Mar-2021,16170,21265,18809,21658
10-Mar-2021,17889,21996,18626,22189
11-Mar-2021,17353,22657,18620,22557
12-Mar-2021,16741,23096,18842,22844
15-Mar-2021,17054,23320,19116,22909
16-Mar-2021,17274,23528,20013,22865
17-Mar-2021,17931,23895,21909,23005
18-Mar-2021,18873,24426,24064,23258
19-Mar-2021,19437,24484,25437,23347
22-Mar-2021,19751,24416,26184,23458
23-Mar-2021,19114,24228,25510,23381
24-Mar-2021,18366,23734,24383,22921
25-Mar-2021,18490,23183,24167,22227
26-Mar-2021,19014,22893,24111,21813
29-Mar-2021,18987,22414,23974,21456
30-Mar-2021,18382,21620,23171,21071
31-Mar-2021,18327,20999,21852,20578
01-Apr-2021,19853,20461,21018,20241
06-Apr-2021,20962,19987,20544,19904
07-Apr-2021,22468,19613,19882,19714
08-Apr-2021,22874,19227,18108,19645
09-Apr-2021,23911,18885,16690,19584
12-Apr-2021,25976,18576,16016,19511
13-Apr-2021,26055,18278,15747,19514
14-Apr-2021,26131,18074,16821,19615
15-Apr-2021,28056,17988,18774,19921
16-Apr-2021,28520,18101,19783,20342
19-Apr-2021,28830,18253,20632,20658
20-Apr-2021,28652,18458,21674,21177
21-Apr-2021,33290,18770,22870,21751
22-Apr-2021,33808,19282,22840,22411
23-Apr-2021,34762,19654,22331,22932
26-Apr-2021,35347,19876,21935,23190
27-Apr-2021,37453,20037,21613,23423
28-Apr-2021,38816,20113,21924,23540
29-Apr-2021,39589,20545,22449,23661
30-Apr-2021,40608,20607,22709,23581
04-May-2021,42959,20809,23179,23433
05-May-2021,44817,20994,24298,23483
06-May-2021,42852,21188,24846,23760
07-May-2021,41514,21399,25261,24158
10-May-2021,42370,21658,25790,24379
11-May-2021,42031,22010,26404,24699
12-May-2021,39055,22342,26270,24963
13-May-2021,37724,22660,25818,25113
14-May-2021,34542,22839,25316,25264
17-May-2021,32702,23011,24843,25412
18-May-2021,31429,23201,24346,25563
19-May-2021,31392,23368,24373,25785
20-May-2021,31634,23572,24498,26118
21-May-2021,32593,23706,24357,26493
24-May-2021,32825,23761,24222,26712
25-May-2021,31054,23885,23949,26945
26-May-2021,29620,24037,23567,27413
27-May-2021,27934,24133,23282,27720
28-May-2021,25614,24170,23505,27542
01-Jun-2021,25032,24097,23876,27005
02-Jun-2021,23731,24083,24357,27012
03-Jun-2021,22102,24057,24732,26852
04-Jun-2021,20933,24065,25064,26941
07-Jun-2021,20458,24049,25252,27076
08-Jun-2021,19845,24056,25604,27264
09-Jun-2021,20632,24166,26246,27593
10-Jun-2021,24039,24391,27500,28072
11-Jun-2021,27752,24495,28382,28514
14-Jun-2021,29383,24539,28751,28866
15-Jun-2021,30640,24662,29328,29332
16-Jun-2021,33258,24790,30335,29838
17-Jun-2021,34930,24976,30686,30299
18-Jun-2021,33415,25170,30561,30819
21-Jun-2021,32785,25510,30208,31073
22-Jun-2021,31376,25835,29553,31243
23-Jun-2021,32079,26198,29424,31374
24-Jun-2021,32018,26572,30303,31507
25-Jun-2021,33069,27058,31438,31644
28-Jun-2021,33348,27318,33111,31885
29-Jun-2021,34299,27592,34751,32130
30-Jun-2021,32604,27742,35738,32226
01-Jul-2021,30600,27890,36799,32324
02-Jul-2021,29106,27981,37086,32283
05-Jul-2021,27773,28100,36834,32282
06-Jul-2021,27309,28545,36101,32123
07-Jul-2021,29018,29128,36011,32001
08-Jul-2021,30260,29465,35816,31872
09-Jul-2021,30972,29720,35576,31798
12-Jul-2021,31266,29735,35290,31702
13-Jul-2021,30272,29881,34398,31512
14-Jul-2021,29128,29884,33294,31164
15-Jul-2021,28694,29920,32034,30791
16-Jul-2021,28542,30048,31383,30526
19-Jul-2021,29139,30263,31275,30517
20-Jul-2021,29071,30372,31064,30613
21-Jul-2021,29135,30724,30859,30880
22-Jul-2021,30098,31072,30706,31264
23-Jul-2021,32469,31246,30420,31577
26-Jul-2021,32755,31442,30283,31713
27-Jul-2021,31880,31510,29868,31821
28-Jul-2021,31856,31602,29298,32026
29-Jul-2021,33639,31654,28742,32206
30-Jul-2021,35713,31676,28398,32395
02-Aug-2021,35429,31702,28274,32544
03-Aug-2021,35216,31810,28430,32659
04-Aug-2021,35675,31739,28886,32817
05-Aug-2021,36608,31788,29422,32961
06-Aug-2021,36150,31793,29705,33114
09-Aug-2021,36009,31807,29789,33242
10-Aug-2021,35895,31907,29946,33355
11-Aug-2021,36354,32064,30304,33542
12-Aug-2021,38217,32375,30613,33870
13-Aug-2021,39526,32691,30756,34078
16-Aug-2021,40237,32926,30917,34309
17-Aug-2021,41049,33227,31216,34611
18-Aug-2021,44495,33539,32024,35080
19-Aug-2021,47361,33685,32446,35603
20-Aug-2021,49731,33798,32727,36036
23-Aug-2021,50708,33859,32946,36328
24-Aug-2021,51472,33981,33279,36774
25-Aug-2021,50662,34155,33633,37249
26-Aug-2021,50113,34242,33866,37809
27-Aug-2021,51099,34152,33534,38169
31-Aug-2021,49089,33726,32692,38246
01-Sep-2021,46987,33457,32018,37771
02-Sep-2021,47407,33178,31510,37326
03-Sep-2021,46647,33087,31109,36832
06-Sep-2021,44465,32921,30559,36225
07-Sep-2021,42220,32847,30132,35817
08-Sep-2021,40518,32593,29924,35325
09-Sep-2021,41151,32506,30253,34966
10-Sep-2021,46172,32534,31020,34867
13-Sep-2021,52908,32581,31913,34982
14-Sep-2021,53692,32767,32467,35308
15-Sep-2021,53381,33024,32865,35712
16-Sep-2021,52281,33216,33329,36113
17-Sep-2021,53240,33499,33802,36378
20-Sep-2021,53795,33773,33904,36514
21-Sep-2021,56269,33937,34037,36599
22-Sep-2021,59715,34215,34311,36717
23-Sep-2021,61683,34486,34611,36838
24-Sep-2021,61309,34650,34768,36948
27-Sep-2021,63030,34742,34844,36998
28-Sep-2021,69013,34981,34935,37102
29-Sep-2021,74786,35223,34999,37169
30-Sep-2021,74176,35543,34783,37200
01-Oct-2021,75190,35769,34593,37212
04-Oct-2021,77035,35854,34312,37192
05-Oct-2021,80877,35888,33923,37201
06-Oct-2021,86870,35959,33794,37269
07-Oct-2021,86953,36166,33617,37445
08-Oct-2021,83865,36269,33458,37585
11-Oct-2021,82722,36357,33557,37744
12-Oct-2021,79535,36317,33814,38069
13-Oct-2021,74540,36310,34288,38526
14-Oct-2021,70181,36358,34868,38960
15-Oct-2021,64417,36372,35248,39333
18-Oct-2021,61026,36407,35482,39547
19-Oct-2021,59955,36439,36158,39705
20-Oct-2021,60333,36600,36792,39799
21-Oct-2021,57374,36804,37401,39860
22-Oct-2021,51463,37033,37609,39421
25-Oct-2021,47950,37109,37616,39021
26-Oct-2021,43985,37007,36739,38471
27-Oct-2021,40040,36648,35410,36785
28-Oct-2021,37669,36186,34346,35091
29-Oct-2021,36065,35487,33725,34147
01-Nov-2021,34845,34992,33001,33462
02-Nov-2021,30987,33794,31461,32114
03-Nov-2021,27162,32623,28855,30005
04-Nov-2021,26710,32177,27156,28191
05-Nov-2021,27199,31074,26305,26580
08-Nov-2021,28014,30400,26228,25669
09-Nov-2021,30475,29970,26423,25120
10-Nov-2021,32099,29644,26372,24845
11-Nov-2021,32109,29264,25901,24764
12-Nov-2021,31811,29036,25034,24783
15-Nov-2021,31113,28859,24311,24849
16-Nov-2021,28059,28688,22736,24890
17-Nov-2021,25406,28474,20941,24863
18-Nov-2021,27033,28307,19689,24725
19-Nov-2021,29938,28090,19199,24603
22-Nov-2021,32210,27848,19284,24585
23-Nov-2021,33631,27712,19664,24671
24-Nov-2021,31694,27654,20069,24802
25-Nov-2021,31317,27640,21068,25119
26-Nov-2021,32393,27703,22250,25472
29-Nov-2021,34360,27729,23277,25599
30-Nov-2021,37181,27794,23961,25736
01-Dec-2021,37023,27910,24740,26115
02-Dec-2021,37604,27999,25935,26423
03-Dec-2021,38096,28065,26818,26741
06-Dec-2021,38970,28080,27568,26972
07-Dec-2021,41324,28224,27939,27367
08-Dec-2021,43030,28246,27656,27721
09-Dec-2021,41379,28294,26970,27954
10-Dec-2021,40035,28295,26274,28065
13-Dec-2021,39127,28218,25616,28076
14-Dec-2021,32838,28183,24575,28051
15-Dec-2021,27137,28159,23357,27960
16-Dec-2021,24003,28030,22294,27649
17-Dec-2021,22613,27842,20658,27158
20-Dec-2021,23283,27685,19868,26792
21-Dec-2021,22088,27438,19460,26210
22-Dec-2021,20363,27057,20124,25705
23-Dec-2021,19494,26607,21302,25330
24-Dec-2021,19176,26384,21822,25188
04-Jan-2022,19490,25322,24529,24303
05-Jan-2022,19084,24967,25687,23815
06-Jan-2022,19535,24024,25781,23365
07-Jan-2022,20167,23402,25274,22813
10-Jan-2022,21181,22818,24309,22013
11-Jan-2022,19284,22506,23099,21543
12-Jan-2022,17390,22094,21745,21294
13-Jan-2022,14477,21766,20733,21069
14-Jan-2022,12407,21464,20040,20868
17-Jan-2022,12190,21219,19599,20503
18-Jan-2022,10913,20909,18675,20242
19-Jan-2022,10169,20503,17516,19935
20-Jan-2022,8547,20195,16884,19503
21-Jan-2022,7390,19859,16751,19237
24-Jan-2022,6935,19598,16783,19006
25-Jan-2022,6180,19162,16554,18624
26-Jan-2022,5826,18757,15888,18199
27-Jan-2022,6780,18304,15279,17743
28-Jan-2022,8918,18198,15221,17569
31-Jan-2022,10015,18045,15118,17461
01-Feb-2022,10753,17914,14960,17354
02-Feb-2022,10616,17817,14549,17273
03-Feb-2022,10710,17776,14603,17278
04-Feb-2022,10302,17819,14829,17531
07-Feb-2022,9521,17922,15358,18023
08-Feb-2022,9969,18531,16404,19072
09-Feb-2022,12468,19546,18041,21018
10-Feb-2022,15789,20495,19662,22628
11-Feb-2022,15397,21018,20287,23743
14-Feb-2022,14888,21568,20427,24508
15-Feb-2022,14209,21984,20265,25047
16-Feb-2022,12239,22347,20038,25515
17-Feb-2022,12000,22644,19952,25588
18-Feb-2022,13888,23130,20039,25576
21-Feb-2022,15331,23504,20633,25758
22-Feb-2022,16709,23999,22030,25950
23-Feb-2022,18181,24369,22954,26271
24-Feb-2022,16586,24914,22868,26567
25-Feb-2022,14026,25174,22586,26587
28-Feb-2022,13414,25296,22053,26711
01-Mar-2022,14019,25553,22074,26876
02-Mar-2022,15258,25577,22367,27178
03-Mar-2022,13596,25809,22957,27722
04-Mar-2022,13560,25974,23725,28450
07-Mar-2022,14508,26414,24777,29037
08-Mar-2022,15721,26729,26031,30062
09-Mar-2022,18928,27096,27408,31295
10-Mar-2022,21668,27554,27761,32158
11-Mar-2022,22195,27858,27349,32330
14-Mar-2022,23101,28051,26490,32270
15-Mar-2022,23413,28427,25176,31913
16-Mar-2022,21830,28824,24290,31641
17-Mar-2022,21596,29164,24313,31817
18-Mar-2022,21604,29922,24532,32147
21-Mar-2022,20481,30322,25225,32440
22-Mar-2022,18041,30878,26663,32817
23-Mar-2022,17412,31406,28114,33171
24-Mar-2022,16333,31850,29077,33366
25-Mar-2022,15648,32082,29377,33217
28-Mar-2022,14380,32166,29410,32897
29-Mar-2022,13596,31933,28693,32401
30-Mar-2022,13655,31597,27787,31629
31-Mar-2022,14593,31236,26937,30883
01-Apr-2022,15460,30511,26324,30301
04-Apr-2022,14896,30092,25799,29888
05-Apr-2022,13469,29510,25226,29260
06-Apr-2022,12355,28897,24473,28652
07-Apr-2022,11753,28225,23667,28022
08-Apr-2022,11979,27786,23661,27518
11-Apr-2022,11566,27358,23727,27207
12-Apr-2022,11348,27083,24427,26931
13-Apr-2022,11370,26499,25375,27076
14-Apr-2022,12285,26075,26042,27469
19-Apr-2022,11127,26056,26379,27955
20-Apr-2022,11305,26264,26444,28551
21-Apr-2022,13571,26514,26083,29105
22-Apr-2022,15299,27077,25703,29453
25-Apr-2022,16609,27683,25367,29685
26-Apr-2022,17991,28147,24937,29858
27-Apr-2022,18460,28337,24803,30095
28-Apr-2022,17821,28478,24892,30096
29-Apr-2022,17713,28679,25107,30074
03-May-2022,17804,28967,25255,30058
04-May-2022,19235,29158,25780,30054
05-May-2022,22569,29385,26650,30053
06-May-2022,24002,29516,27236,30024
09-May-2022,26412,29708,27757,30057
10-May-2022,28703,29892,28155,30210
11-May-2022,31151,29969,28512,30345
12-May-2022,32885,29975,28454,30251
13-May-2022,32733,30107,28209,30272
16-May-2022,32581,30004,27832,30224
17-May-2022,32754,29930,27954,30194
18-May-2022,34531,30006,28603,30336
19-May-2022,36368,29953,28990,30800
20-May-2022,37538,29908,29104,30971
23-May-2022,38169,29956,29056,31002
24-May-2022,35564,29908,28556,31111
25-May-2022,33069,29799,27629,31168
26-May-2022,28840,29730,26923,31052
27-May-2022,23373,29652,26095,30757
30-May-2022,21516,29524,25157,30514
31-May-2022,22126,29050,24524,30172
01-Jun-2022,24274,28712,24327,29738
06-Jun-2022,22866,28167,24237,29259
07-Jun-2022,22128,27666,24003,28948
08-Jun-2022,20380,27171,23387,28436
09-Jun-2022,19643,26450,22728,27798
10-Jun-2022,19665,25509,22326,27440
13-Jun-2022,18627,25192,22067,27092
14-Jun-2022,19138,24696,22321,26963
15-Jun-2022,21157,24284,23019,26997
16-Jun-2022,22411,24143,23777,27061
17-Jun-2022,24776,24169,24421,27139
20-Jun-2022,25138,24051,24510,27167
21-Jun-2022,22477,24050,24320,27178
22-Jun-2022,19430,24080,23834,27224
23-Jun-2022,20061,24096,23256,27123
24-Jun-2022,19875,24009,22918,26942
27-Jun-2022,19336,24014,22534,26832
28-Jun-2022,17849,23631,21756,26572
29-Jun-2022,18248,23348,21253,25951
30-Jun-2022,20190,23137,21033,25367
01-Jul-2022,19745,22973,20961,25192
04-Jul-2022,18481,22609,20883,25103
05-Jul-2022,17283,22309,20629,24917
06-Jul-2022,16588,21946,19934,24712
07-Jul-2022,18286,21602,19165,24234
08-Jul-2022,18825,21338,18674,23797
11-Jul-2022,19613,21239,18210,23672
12-Jul-2022,18655,21162,17531,23349
13-Jul-2022,19358,21158,16739,22845
14-Jul-2022,20375,21102,15944,22551
15-Jul-2022,24209,21249,15633,22424
18-Jul-2022,24603,21370,15510,22406
19-Jul-2022,24043,21599,15665,22428
20-Jul-2022,22552,21710,16410,22631
21-Jul-2022,21999,21820,17119,22800
22-Jul-2022,22362,21796,17502,22880
25-Jul-2022,21526,21814,17564,22865
26-Jul-2022,20359,21791,17454,22777
27-Jul-2022,19352,21697,17344,22414
28-Jul-2022,18162,21526,17245,22032
29-Jul-2022,17255,21114,17127,21681
01-Aug-2022,17100,20774,17056,21211
02-Aug-2022,16347,20536,16899,20527
03-Aug-2022,14842,20099,16711,19854
04-Aug-2022,12271,19703,16513,19213
05-Aug-2022,11700,19046,16363,18698
08-Aug-2022,12152,18783,16288,18377
09-Aug-2022,12521,18491,16108,17997
10-Aug-2022,13455,18152,16049,17754
11-Aug-2022,12757,17723,16003,17504
12-Aug-2022,10898,17598,15825,17526
15-Aug-2022,9104,17458,15631,17678
16-Aug-2022,8783,17415,15317,17886
17-Aug-2022,8978,17513,14906,18251
18-Aug-2022,7188,17424,14402,18681
19-Aug-2022,6267,17285,13852,19082
22-Aug-2022,6199,17189,13472,19265
23-Aug-2022,6608,17115,12813,19412
24-Aug-2022,5636,17047,12086,19503
25-Aug-2022,3931,16882,11480,19392
26-Aug-2022,3413,16794,11008,19183
30-Aug-2022,2793,16548,10220,18604
31-Aug-2022,2505,16240,9620,17881
01-Sep-2022,3887,15846,9733,17147
02-Sep-2022,6076,15650,10106,16658
05-Sep-2022,7000,15529,10605,16482
06-Sep-2022,6037,15463,11379,16355
07-Sep-2022,5442,15495,12860,16298
08-Sep-2022,5407,15602,14479,16247
09-Sep-2022,5574,15709,15450,16227
12-Sep-2022,6270,15732,15966,16199
13-Sep-2022,8952,15914,17330,16325
14-Sep-2022,12977,16066,17973,16559
15-Sep-2022,13580,16195,17477,16820
16-Sep-2022,12599,16281,16577,17057
20-Sep-2022,16540,16576,16870,17382
21-Sep-2022,16760,16804,16853,17657
22-Sep-2022,16000,17130,16647,18008
23-Sep-2022,18293,17383,16623,18172
26-Sep-2022,18207,17534,16591,18231
27-Sep-2022,17916,17695,16646,18376
28-Sep-2022,17477,17863,16865,18477
29-Sep-2022,16202,17999,17231,18411
30-Sep-2022,16214,18159,17406,18292
03-Oct-2022,16924,18212,17405,18289
04-Oct-2022,18611,18313,17651,18351
05-Oct-2022,21175,18426,18511,18441
06-Oct-2022,20786,18507,18748,18590
07-Oct-2022,19874,18588,18780,18763
10-Oct-2022,19418,18607,18712,18850
11-Oct-2022,18630,18584,18427,18856
12-Oct-2022,18241,18433,17987,18788
13-Oct-2022,17365,18362,17460,18654
14-Oct-2022,17965,18208,17393,18588
17-Oct-2022,18133,17935,17460,18460
18-Oct-2022,18631,17820,17884,18455
19-Oct-2022,18322,17504,18139,18455
20-Oct-2022,17505,17394,18112,18435
21-Oct-2022,17175,17297,17957,18455
24-Oct-2022,16883,17269,17683,18373
25-Oct-2022,16209,17154,17317,18238
26-Oct-2022,15637,16913,16729,17950
27-Oct-2022,14500,16588,15764,17292
28-Oct-2022,13852,16142,15014,16318
31-Oct-2022,12933,15898,14367,15808
01-Nov-2022,11509,15610,13930,15281
02-Nov-2022,10664,15394,13813,14649
03-Nov-2022,10158,15133,13959,14161
04-Nov-2022,11139,15043,13963,13945
07-Nov-2022,11648,14863,13929,13761
08-Nov-2022,12379,14717,13688,13656
09-Nov-2022,13578,14454,13431,13551
10-Nov-2022,13702,14341,13238,13495
11-Nov-2022,12807,14174,13399,13348
14-Nov-2022,11995,14042,13667,13164
15-Nov-2022,11371,13892,13795,13050
16-Nov-2022,11054,13825,13860,12983
17-Nov-2022,9855,13734,13514,12929
18-Nov-2022,9305,13727,13007,12870
21-Nov-2022,9363,13631,12601,12800
22-Nov-2022,9057,13551,12127,12756
23-Nov-2022,10106,13539,11844,12796
24-Nov-2022,11479,13447,11859,12910
25-Nov-2022,13373,13403,11974,13004
28-Nov-2022,13845,13420,12132,12977
29-Nov-2022,13177,13413,12382,12942
30-Nov-2022,13624,13397,12776,12888
01-Dec-2022,13020,13356,13086,12818
02-Dec-2022,12598,13340,13228,12777
05-Dec-2022,12457,13264,13405,12736
06-Dec-2022,12774,13171,13576,12737
07-Dec-2022,13561,13238,13599,12736
08-Dec-2022,13888,13199,13614,12683
09-Dec-2022,13957,13182,13591,12672
12-Dec-2022,13424,13118,13453,12686
13-Dec-2022,13276,13067,13364,12834
14-Dec-2022,14293,12933,13450,12867
15-Dec-2022,17374,12828,13588,12832
16-Dec-2022,18312,12693,13533,12724
19-Dec-2022,18126,12618,13472,12609
20-Dec-2022,19617,12443,13259,12442
21-Dec-2022,23197,12303,13042,12133
22-Dec-2022,21775,12075,12734,11913
23-Dec-2022,18749,11941,12477,11685
03-Jan-2023,13561,11051,11608,10646
04-Jan-2023,12575,10611,11064,10037
05-Jan-2023,12473,10286,10650,9585
06-Jan-2023,12543,9931,10357,9233
09-Jan-2023,13237,9748,9916,9073
10-Jan-2023,12741,9610,9369,8831
11-Jan-2023,12188,9380,8801,8387
12-Jan-2023,11188,9153,8421,7869
13-Jan-2023,10770,8996,8282,7545
16-Jan-2023,10874,8782,8300,7406
17-Jan-2023,10287,8432,8363,7273
18-Jan-2023,9182,8242,8336,7222
19-Jan-2023,7404,8091,8305,7198
20-Jan-2023,6529,7931,8208,7177
23-Jan-2023,6094,7819,8092,7097
24-Jan-2023,5684,7792,7977,7138
25-Jan-2023,5231,7785,7982,7127
26-Jan-2023,4551,7776,8073,7097
27-Jan-2023,4433,7763,8151,7150
30-Jan-2023,4418,7781,8207,7242
31-Jan-2023,4411,7792,8128,7369
01-Feb-2023,4137,7837,7926,7481
02-Feb-2023,3688,7855,7558,7529
03-Feb-2023,3561,7846,7120,7501
06-Feb-2023,3475,7852,6823,7480
07-Feb-2023,3677,7866,6470,7341
08-Feb-2023,3927,7865,6368,7159
09-Feb-2023,3752,7841,6409,6995
10-Feb-2023,4033,7844,6443,6909
13-Feb-2023,4432,7837,6428,6874
14-Feb-2023,3167,7774,6295,6899
15-Feb-2023,2630,7763,6137,7038
16-Feb-2023,2280,7805,6022,7258
17-Feb-2023,2246,7875,5966,7641
20-Feb-2023,2354,8059,5941,8000
21-Feb-2023,2513,8325,6249,8878
22-Feb-2023,3235,8511,7221,9591
23-Feb-2023,4754,8875,9184,10336
24-Feb-2023,5271,9086,10103,10957
27-Feb-2023,5815,9302,10517,11553
28-Feb-2023,6042,9641,11449,12158
01-Mar-2023,7703,10012,12298,12714
02-Mar-2023,8296,10350,12670,13113
03-Mar-2023,9910,10513,12751,13081
06-Mar-2023,11026,10683,12904,12980
07-Mar-2023,12201,10820,12883,12775
08-Mar-2023,12851,11016,12989,12770
09-Mar-2023,13783,11167,13281,12975
10-Mar-2023,14466,11361,13548,13296
13-Mar-2023,15099,11697,13785,13580
14-Mar-2023,17500,11965,14349,13889
15-Mar-2023,17453,12174,14576,14254
16-Mar-2023,16387,12380,14380,14430
17-Mar-2023,15867,12500,14173,14502
20-Mar-2023,16134,12646,13934,14619
21-Mar-2023,15601,12682,13583,14682
22-Mar-2023,14528,12703,13118,14703
23-Mar-2023,15396,12663,12924,14668
24-Mar-2023,15611,12652,12813,14657
27-Mar-2023,14888,12643,12749,14587
28-Mar-2023,13655,12595,12715,14466
29-Mar-2023,13788,12508,13050,14137
30-Mar-2023,13901,12433,13286,13602
31-Mar-2023,13806,12358,13382,13175
03-Apr-2023,14290,12286,13636,13054
04-Apr-2023,15483,11948,14181,12941
05-Apr-2023,16233,11748,14978,12866
06-Apr-2023,16928,11578,15325,12773
11-Apr-2023,15849,11443,15333,12444
12-Apr-2023,15106,11365,14976,12301
13-Apr-2023,15657,11295,14388,12158
14-Apr-2023,15344,11306,13981,12059
17-Apr-2023,14939,11344,13740,12075
18-Apr-2023,13916,11391,13460,12239
19-Apr-2023,13624,11511,13574,12656
20-Apr-2023,14746,11699,13758,12965
21-Apr-2023,16270,11876,13889,13211
24-Apr-2023,16526,11958,13850,13336
25-Apr-2023,16471,12005,13665,13378
26-Apr-2023,17419,12008,13425,13230
27-Apr-2023,18874,11965,13170,13036
28-Apr-2023,19080,11934,12938,12811
02-May-2023,18809,11901,12730,12587
03-May-2023,19283,11826,12526,12352
04-May-2023,19283,11723,12294,12154
05-May-2023,19768,11605,12176,12053
09-May-2023,20807,11522,12114,12072
10-May-2023,21814,11484,11997,12250
11-May-2023,21276,11423,11673,12235
12-May-2023,20367,11371,11283,12160
15-May-2023,19777,11299,10955,12074
16-May-2023,19033,11217,10492,12001
17-May-2023,18111,11112,10007,11993
18-May-2023,17767,11050,9776,11931
19-May-2023,17459,11018,9665,11846
22-May-2023,17126,10956,9646,11696
23-May-2023,16922,10880,9575,11473
24-May-2023,16010,10799,9317,11151
25-May-2023,14577,10687,8936,10782
26-May-2023,13956,10585,8736,10403
30-May-2023,13221,10472,8475,10010
31-May-2023,10099,10292,8069,9691
01-Jun-2023,9487,10062,7934,9312
02-Jun-2023,9254,9805,7933,9011
05-Jun-2023,9766,9659,8098,8829
06-Jun-2023,11470,9474,8637,8591
07-Jun-2023,11503,9265,8916,8422
08-Jun-2023,12112,9086,8976,8219
09-Jun-2023,12560,9023,8980,8093
12-Jun-2023,12702,8846,8959,7984
13-Jun-2023,13163,8665,8961,7946
14-Jun-2023,13106,8574,9130,8019
15-Jun-2023,13258,8474,9322,8138
16-Jun-2023,12674,8346,9402,8230
19-Jun-2023,12375,8288,9397,8263
20-Jun-2023,12769,8236,9232,8348
21-Jun-2023,14350,8194,9081,8369
22-Jun-2023,16514,8202,8927,8260
23-Jun-2023,17252,8197,8803,8178
26-Jun-2023,17209,8175,8677,8156
27-Jun-2023,16068,8178,8461,8208
28-Jun-2023,15113,8132,8190,8267
29-Jun-2023,14589,8065,8032,8251
30-Jun-2023,14133,8029,7937,8241
03-Jul-2023,13692,7996,7794,8221
04-Jul-2023,13279,7834,7555,8219
05-Jul-2023,12234,7737,7387,8104
06-Jul-2023,12265,7687,7400,8011
07-Jul-2023,12625,7627,7516,7959
10-Jul-2023,12894,7598,7630,7967
11-Jul-2023,12858,7517,7907,8012
12-Jul-2023,13810,7457,8438,8079
13-Jul-2023,14028,7398,8570,8173
14-Jul-2023,13722,7369,8517,8178
17-Jul-2023,13386,7310,8420,8168
18-Jul-2023,12676,7308,8134,8206
19-Jul-2023,12178,7270,7604,8292
20-Jul-2023,11787,7247,7167,8331
21-Jul-2023,11958,7202,6984,8333
24-Jul-2023,11795,7192,6850,8323
25-Jul-2023,11806,7196,6718,8278
26-Jul-2023,14379,7181,6908,8159
27-Jul-2023,14937,7142,7258,8066
28-Jul-2023,15180,7123,7438,7989
31-Jul-2023,15533,7090,7628,7905
01-Aug-2023,15924,7086,7971,7795
02-Aug-2023,14997,7061,8405,7704
03-Aug-2023,14956,7030,8674,7646
04-Aug-2023,15080,7020,8864,7568
07-Aug-2023,15192,7007,9037,7545
08-Aug-2023,14791,7048,9418,7580
09-Aug-2023,14526,7068,9762,7651
10-Aug-2023,13883,7211,10293,7771
11-Aug-2023,13200,7396,10701,8008
14-Aug-2023,13017,7561,10945,8193
15-Aug-2023,13244,7790,11374,8490
16-Aug-2023,14106,7992,12038,8933
17-Aug-2023,13809,8269,12366,9449
18-Aug-2023,13255,8449,12540,9674
21-Aug-2023,12752,8585,12536,9899
22-Aug-2023,12117,8715,12311,10004
23-Aug-2023,11315,8840,11927,10006
24-Aug-2023,10443,9004,11770,9966
25-Aug-2023,9735,9122,11705,9993
29-Aug-2023,9997,9255,12145,10100
30-Aug-2023,9310,9433,12353,10367
31-Aug-2023,9072,9611,12190,10584
01-Sep-2023,8561,9742,11964,10779
04-Sep-2023,8887,9869,11969,10940
05-Sep-2023,8266,10031,11990,11087
06-Sep-2023,8573,10155,11856,11401
07-Sep-2023,9863,10204,11919,11616
08-Sep-2023,10693,10295,12069,11870
11-Sep-2023,10982,10354,12234,12092
12-Sep-2023,11027,10534,12840,12303
13-Sep-2023,11743,10837,13274,12719
14-Sep-2023,12537,11238,13445,13155
15-Sep-2023,13284,11420,13570,13426
18-Sep-2023,14503,11615,13659,13641
19-Sep-2023,16103,11730,13902,14146
20-Sep-2023,17145,11912,14025,14566
21-Sep-2023,16646,12034,13929,14852
22-Sep-2023,17274,12068,13828,14906
25-Sep-2023,17810,12206,13832,14899
26-Sep-2023,19855,12256,13908,14734
27-Sep-2023,21364,12263,14063,14499
28-Sep-2023,20675,12232,14048,14237
29-Sep-2023,20520,12218,13969,14041
02-Oct-2023,21645,12190,13823,13890
03-Oct-2023,22996,12139,13569,13753
04-Oct-2023,23226,12119,13291,13683
05-Oct-2023,24727,12130,12993,13595
06-Oct-2023,27445,12144,12815,13558
09-Oct-2023,28901,12202,12939,13554
10-Oct-2023,28373,12186,13168,13752
11-Oct-2023,27402,12261,13190,13869
12-Oct-2023,27185,12308,12997,13929
13-Oct-2023,27591,12361,12768,13950
16-Oct-2023,28348,12420,12639,13960
17-Oct-2023,30348,12424,12751,14047
18-Oct-2023,31089,12436,13232,14139
19-Oct-2023,30130,12393,13383,14152
20-Oct-2023,29493,12352,13402,14153
23-Oct-2023,28805,12311,13410,14074
24-Oct-2023,27169,12260,13495,13926
25-Oct-2023,24386,12210,13504,13712
26-Oct-2023,20446,12078,13316,13492
27-Oct-2023,18461,12080,13112,13024
30-Oct-2023,17344,12035,12841,12754
31-Oct-2023,16750,11888,12467,12484
01-Nov-2023,15751,11732,12062,12311
02-Nov-2023,15613,11615,11810,12192
03-Nov-2023,17690,11409,11698,12111
06-Nov-2023,19234,11284,11693,12080
07-Nov-2023,20126,11070,11742,12066
08-Nov-2023,19222,10931,11895,12139
09-Nov-2023,20618,10820,12165,12279
10-Nov-2023,21473,10697,12437,12373
13-Nov-2023,21619,10581,12598,12396
14-Nov-2023,21344,10571,13128,12466
15-Nov-2023,21350,10591,13905,12549
16-Nov-2023,22096,10672,14860,12956
17-Nov-2023,22913,10786,15532,13250
20-Nov-2023,22447,10888,15899,13389
21-Nov-2023,21450,11046,16386,13548
22-Nov-2023,20029,11219,16739,13712
23-Nov-2023,22216,11658,16972,13918
24-Nov-2023,28071,12062,17241,14067
27-Nov-2023,31671,12241,17523,14209
28-Nov-2023,34656,12510,17614,14526
29-Nov-2023,41796,13016,17847,14959
30-Nov-2023,46681,13522,18639,15678
01-Dec-2023,51727,13908,19731,16378
04-Dec-2023,54584,14393,20630,16788
05-Dec-2023,49310,14953,20487,17213
06-Dec-2023,42800,15311,19466,17077
07-Dec-2023,34854,15511,18440,16918
08-Dec-2023,35320,15700,17596,16731
11-Dec-2023,36475,15908,17102,16564
12-Dec-2023,38082,16116,16632,16280
13-Dec-2023,35711,16249,16241,16090
14-Dec-2023,35463,16310,15895,15865
15-Dec-2023,34107,16340,15760,15686
18-Dec-2023,32639,16331,15819,15608
19-Dec-2023,30936,16259,15895,15491
20-Dec-2023,29278,16134,15916,15363
21-Dec-2023,27872,15984,15900,15159
22-Dec-2023,28177,15813,15847,15063
02-Jan-2024,28896,14537,15515,14392
03-Jan-2024,29599,13417,14935,13979
04-Jan-2024,30282,12883,14207,13600
05-Jan-2024,31497,12518,13657,13337
08-Jan-2024,29851,12247,13113,13138
09-Jan-2024,26941,11907,12474,12780
10-Jan-2024,22362,11600,11837,12485
11-Jan-2024,20105,11248,11454,12188
12-Jan-2024,18015,11089,11357,11967
15-Jan-2024,15589,10898,11373,11855
16-Jan-2024,14753,10794,11450,11665
17-Jan-2024,14375,10733,11678,11428
18-Jan-2024,15365,10677,12096,11315
19-Jan-2024,18608,10692,12610,11328
22-Jan-2024,18842,10700,12850,11301
23-Jan-2024,17412,10721,13177,11358
24-Jan-2024,17787,10755,13632,11546
25-Jan-2024,17298,10740,13873,11677
26-Jan-2024,17708,10735,13927,11711
29-Jan-2024,16337,10746,13839,11711
30-Jan-2024,15130,10715,13389,11666
31-Jan-2024,15680,10646,12757,11600
01-Feb-2024,15953,10578,12135,11526
02-Feb-2024,16837,10523,11660,11446
05-Feb-2024,17766,10478,11432,11411
06-Feb-2024,19663,10381,11515,11450
07-Feb-2024,18771,10329,11670,11521
08-Feb-2024,18215,10266,11933,11550
09-Feb-2024,19746,10233,12245,11584
12-Feb-2024,20341,10236,12399,11533
13-Feb-2024,20538,10202,12614,11515
14-Feb-2024,20201,10197,12901,11572
15-Feb-2024,19850,10213,13271,11640
16-Feb-2024,20304,10287,13481,11783
19-Feb-2024,20378,10386,13796,11985
20-Feb-2024,19981,10732,14016,12416
21-Feb-2024,21092,11032,13722,12692
22-Feb-2024,23139,11116,13279,12918
23-Feb-2024,26079,11299,13021,13077
26-Feb-2024,26233,11509,12865,13175
27-Feb-2024,26737,11997,12889,13416
28-Feb-2024,29823,12357,13310,13626
29-Feb-2024,31045,12746,13794,13832
01-Mar-2024,32985,13005,14173,13940
04-Mar-2024,34873,13329,14625,14098
05-Mar-2024,34402,13559,14906,14270
06-Mar-2024,31260,13649,15071,14431
07-Mar-2024,32996,13670,15220,14484
08-Mar-2024,35201,13714,15414,14493
11-Mar-2024,35780,13759,15704,14472
12-Mar-2024,33939,13786,16201,14363
13-Mar-2024,34737,13841,17049,14306
14-Mar-2024,33521,13991,17861,14458
15-Mar-2024,33332,14057,18770,14585
18-Mar-2024,33911,14101,19349,14717
19-Mar-2024,33093,14176,19421,14861
20-Mar-2024,30601,14223,18924,15067
21-Mar-2024,29752,14302,18498,15167
22-Mar-2024,28875,14309,18147,15212
25-Mar-2024,27325,14249,17746,15248
26-Mar-2024,24580,14118,17056,15130
27-Mar-2024,21875,14024,16134,14878
28-Mar-2024,21866,13898,15577,14638
02-Apr-2024,19852,13737,15005,14335
03-Apr-2024,20215,13543,14611,14125
04-Apr-2024,19522,13407,14265,14004
05-Apr-2024,18857,13239,13919,13866
08-Apr-2024,18226,13192,13665,13835
09-Apr-2024,17854,13091,13363,13844
10-Apr-2024,18266,13037,13344,13863
11-Apr-2024,20523,13034,13756,13874
12-Apr-2024,21164,12992,14083,13990
15-Apr-2024,20970,12974,14287,14077
16-Apr-2024,21819,13025,14449,14423
17-Apr-2024,22893,13121,14908,14702
18-Apr-2024,23598,13225,15549,15013
19-Apr-2024,23543,13334,15910,15338
22-Apr-2024,22410,13392,16012,15515
23-Apr-2024,20389,13520,15886,15735
24-Apr-2024,19445,13512,15851,16015
25-Apr-2024,18495,13498,15729,16367
26-Apr-2024,18012,13523,15564,16441
29-Apr-2024,17253,13498,15383,16414
30-Apr-2024,17415,13423,15272,16338
01-May-2024,17553,13349,15286,16257
02-May-2024,19670,13183,15430,16130
03-May-2024,22166,13114,15616,16034
07-May-2024,26864,12990,16209,16074
08-May-2024,29365,12790,16708,16245
09-May-2024,28238,12762,16844,16370
10-May-2024,27301,12647,16894,16333
13-May-2024,25773,12609,16821,16333
14-May-2024,24311,12561,16463,16224
15-May-2024,22383,12499,15805,15984
16-May-2024,21218,12468,15266,15676
17-May-2024,22180,12423,15091,15460
20-May-2024,22460,12434,14964,15308
21-May-2024,22015,12390,15065,15205
22-May-2024,21429,12354,15140,15076
23-May-2024,21432,12343,15156,14795
24-May-2024,21674,12380,15080,14590
28-May-2024,21633,12739,14877,14402
29-May-2024,22178,12821,14522,14223
30-May-2024,22808,12918,14130,14150
31-May-2024,23389,12966,13904,14060
03-Jun-2024,23357,13005,13794,13994
04-Jun-2024,23545,12909,13776,13920
05-Jun-2024,24424,12852,13981,13840
06-Jun-2024,24689,12883,14247,13809
07-Jun-2024,24867,12848,14416,13789
10-Jun-2024,24759,12858,14583,13826
11-Jun-2024,23089,12800,14929,13982
12-Jun-2024,22608,12751,15444,14263
13-Jun-2024,24752,12742,15944,14446
14-Jun-2024,24525,12803,16210,14689
17-Jun-2024,24363,12893,16301,14810
18-Jun-2024,24596,13050,16249,14985
19-Jun-2024,24278,13216,15935,15118
20-Jun-2024,25533,13394,15463,15278
21-Jun-2024,26059,13548,15105,15382
24-Jun-2024,25650,13634,14795,15451
25-Jun-2024,24794,13683,14278,15528
26-Jun-2024,26082,13738,13813,15530
27-Jun-2024,27954,13741,13711,15393
28-Jun-2024,28557,13727,13671,15237
01-Jul-2024,31438,13718,13619,15064
02-Jul-2024,32248,13587,13423,14862
03-Jul-2024,29688,13474,13123,14745
04-Jul-2024,28911,13405,12774,14711
05-Jul-2024,27692,13365,12578,14681
08-Jul-2024,27171,13299,12443,14669
09-Jul-2024,25869,13258,12484,14818
10-Jul-2024,26666,13234,12873,14880
11-Jul-2024,26396,13312,13403,14971
12-Jul-2024,27338,13339,13770,15004
15-Jul-2024,27058,13360,13984,15045
16-Jul-2024,25702,13379,14084,15030
17-Jul-2024,24379,13442,14079,15069
18-Jul-2024,24941,13478,14087,15065
19-Jul-2024,24652,13543,14091,15117
22-Jul-2024,24521,13612,14069,15116
23-Jul-2024,23665,13631,14213,15181
24-Jul-2024,23246,13648,14549,15238
25-Jul-2024,22363,13671,14730,15252
26-Jul-2024,21676,13670,14789,15246
29-Jul-2024,21411,13670,14796,15216
30-Jul-2024,20729,13687,14609,15147
31-Jul-2024,19712,13708,14313,14997
01-Aug-2024,18986,13696,14082,14867
02-Aug-2024,19299,13660,14009,14767
05-Aug-2024,19499,13649,13937,14635
06-Aug-2024,19918,13653,13766,14518
07-Aug-2024,20509,13616,13525,14397
08-Aug-2024,20396,13599,13245,14324
09-Aug-2024,20213,13595,13052,14313
12-Aug-2024,20008,13603,12921,14239
13-Aug-2024,20540,13616,12732,14216
14-Aug-2024,21976,13626,12701,14265
15-Aug-2024,21084,13599,12653,14299
16-Aug-2024,21037,13576,12634,14343
19-Aug-2024,21510,13575,12564,14358
20-Aug-2024,22319,13583,12352,14394
21-Aug-2024,23122,13580,12046,14407
22-Aug-2024,23608,13556,11660,14447
23-Aug-2024,23645,13553,11388,14498
27-Aug-2024,22846,13470,11096,14483
28-Aug-2024,23908,13429,10818,14474
29-Aug-2024,25870,13407,10639,14429
30-Aug-2024,25700,13387,10507,14369
02-Sep-2024,26935,13337,10412,14259
03-Sep-2024,27774,13273,10367,14147
04-Sep-2024,26738,13172,10363,14026
05-Sep-2024,27247,13092,10310,13968
06-Sep-2024,27832,13039,10309,13895
09-Sep-2024,28232,12948,10385,13879
10-Sep-2024,27712,12848,10516,13865
11-Sep-2024,27986,12781,10868,13884
12-Sep-2024,26750,12757,11284,13925
13-Sep-2024,25620,12731,11513,13943
16-Sep-2024,25684,12727,11640,13954
17-Sep-2024,25623,12711,11854,13974
18-Sep-2024,25083,12704,12180,14013
19-Sep-2024,26980,12726,12417,14097
20-Sep-2024,26826,12730,12506,14256
23-Sep-2024,27162,12746,12632,14412
24-Sep-2024,27378,12795,12703,14553
25-Sep-2024,27495,12841,12550,14616
26-Sep-2024,29690,12809,12148,14581
27-Sep-2024,30598,12773,11677,14479
30-Sep-2024,30258,12792,11391,14345
01-Oct-2024,29229,12833,11142,14180
02-Oct-2024,28187,12831,10938,14045
03-Oct-2024,27363,12824,10966,13894
04-Oct-2024,26897,12824,11160,13863
07-Oct-2024,26213,12865,11397,13855
08-Oct-2024,24786,12911,11633,13938
09-Oct-2024,23106,12894,11777,14023
10-Oct-2024,22844,12912,11761,14064
11-Oct-2024,23509,12925,11582,14002
14-Oct-2024,23872,12941,11347,13916
15-Oct-2024,22994,12965,10941,13887
16-Oct-2024,21161,13007,10449,13849
17-Oct-2024,19259,13052,10255,13823
18-Oct-2024,18875,13078,10226,13768
21-Oct-2024,18174,13073,10166,13763
22-Oct-2024,16654,13125,10003,13757
23-Oct-2024,15932,13154,9802,13748
24-Oct-2024,15416,13091,9609,13697
25-Oct-2024,15395,13098,9477,13635
28-Oct-2024,14811,13023,9375,13568
29-Oct-2024,15417,12990,9416,13403
30-Oct-2024,15311,12967,9483,13223
31-Oct-2024,15365,12950,9499,12902
01-Nov-2024,15329,12926,9453,12670
04-Nov-2024,15332,12874,9422,12552
05-Nov-2024,16310,12789,9386,12319
06-Nov-2024,17086,12717,9326,12095
07-Nov-2024,17930,12683,9263,11839
08-Nov-2024,19210,12648,9250,11608
11-Nov-2024,20872,12613,9303,11418
12-Nov-2024,22835,12544,9410,11248
13-Nov-2024,22771,12469,9535,11063
14-Nov-2024,24347,12363,9585,10975
15-Nov-2024,26777,12337,9570,10848
18-Nov-2024,26220,12261,9485,10722
19-Nov-2024,23291,12207,9200,10596
20-Nov-2024,23307,12153,8906,10504
21-Nov-2024,22595,12079,8615,10436
22-Nov-2024,21778,12055,8411,10404
25-Nov-2024,21673,12019,8278,10410
26-Nov-2024,23049,11958,8167,10421
27-Nov-2024,21302,11918,8060,10452
28-Nov-2024,19172,11894,7914,10464
29-Nov-2024,17686,11865,7825,10350
02-Dec-2024,16363,11817,7743,10340
03-Dec-2024,14863,11759,7706,10344
04-Dec-2024,13345,11723,7788,10375
05-Dec-2024,12690,11697,8028,10338
06-Dec-2024,12727,11588,8270,10275
09-Dec-2024,12702,11522,8377,10238
10-Dec-2024,12464,11384,8355,10193
11-Dec-2024,11421,11308,8142,10129
12-Dec-2024,10382,11260,7850,10108
13-Dec-2024,10474,11133,7619,10083
16-Dec-2024,11116,10945,7460,10040
17-Dec-2024,10848,10806,7291,9966
18-Dec-2024,10261,10678,7280,9932
19-Dec-2024,8945,10550,7345,9897
20-Dec-2024,9244,10427,7446,9842
23-Dec-2024,9388,10322,7484,9749
24-Dec-2024,9516,10242,7552,9637
02-Jan-2025,10459,9973,7669,9325
03-Jan-2025,11407,9884,8022,9138
06-Jan-2025,10696,9705,8212,8925
07-Jan-2025,10102,9581,8211,8780
08-Jan-2025,9123,9440,7995,8663
09-Jan-2025,9653,9265,7595,8462
10-Jan-2025,12010,9143,7238,8313
13-Jan-2025,13391,9032,6996,8198
14-Jan-2025,13300,8898,6822,8058
15-Jan-2025,13109,8591,6714,7869
16-Jan-2025,12294,8347,6724,7629
17-Jan-2025,11555,8161,6734,7403
20-Jan-2025,11008,8026,6700,7155
21-Jan-2025,10647,7854,6526,6848
22-Jan-2025,10252,7701,6249,6480
23-Jan-2025,8967,7531,5903,6227
24-Jan-2025,8156,7406,5633,6044
27-Jan-2025,7946,7160,5491,5917
28-Jan-2025,7725,7001,5400,5787
29-Jan-2025,7267,6917,5426,5700
30-Jan-2025,6977,6857,5563,5612
31-Jan-2025,7252,6780,5863,5594
03-Feb-2025,7144,6700,6133,5575
04-Feb-2025,6998,6679,6776,5615
05-Feb-2025,6734,6767,7559,5789
06-Feb-2025,6733,6980,7923,6174
07-Feb-2025,6964,7164,7982,6519
10-Feb-2025,6716,7343,7912,6736
11-Feb-2025,6458,7534,7765,6942
12-Feb-2025,5899,7878,7512,7112
13-Feb-2025,5900,8186,7429,7332
14-Feb-2025,5939,8498,7483,7634
17-Feb-2025,6009,8754,7640,7844
18-Feb-2025,6282,8989,8039,8239
19-Feb-2025,7187,9205,8596,8572
20-Feb-2025,7603,9407,8963,8912
21-Feb-2025,8216,9616,9191,9171
24-Feb-2025,8620,9717,9259,9276
25-Feb-2025,9612,9778,9064,9398
26-Feb-2025,11584,9840,8820,9432
27-Feb-2025,13046,9836,8495,9374
28-Feb-2025,15074,9844,8233,9275
03-Mar-2025,16424,9846,8068,9184
04-Mar-2025,16328,9860,7882,9035
05-Mar-2025,15711,9888,7667,8943
06-Mar-2025,17267,9959,7595,8889
07-Mar-2025,20084,10003,7615,8889
10-Mar-2025,20554,10090,7786,8893
11-Mar-2025,20514,10145,8242,8890
12-Mar-2025,22884,10235,9085,8992
13-Mar-2025,23992,10262,10364,9274
14-Mar-2025,23697,10298,10951,9718
17-Mar-2025,22954,10315,11287,10020
18-Mar-2025,22507,10412,11307,10313
19-Mar-2025,22170,10511,11060,10591
20-Mar-2025,22139,10672,10881,10737
21-Mar-2025,22190,10719,11043,10753
24-Mar-2025,22311,10785,11168,10768
25-Mar-2025,21810,10813,11467,10801
26-Mar-2025,21402,10858,11772,10789
27-Mar-2025,20957,10933,12023,10694
28-Mar-2025,20503,11052,12138,10542
31-Mar-2025,20442,11056,12175,10457
01-Apr-2025,20234,11066,12153,10395
02-Apr-2025,20198,11066,12128,10331
03-Apr-2025,19383,11038,11840,10269
04-Apr-2025,18404,11027,11488,10244
07-Apr-2025,16728,10905,10865,10161
08-Apr-2025,15881,10807,10165,10024
09-Apr-2025,14367,10689,9488,9944
10-Apr-2025,14768,10542,9369,9855
11-Apr-2025,14952,10485,9337,9837
14-Apr-2025,15148,10389,9376,9802
15-Apr-2025,14535,10365,9537,9805
16-Apr-2025,13734,10296,9802,9882
17-Apr-2025,13913,10236,10124,9972
22-Apr-2025,13774,10183,10293,10019
23-Apr-2025,14362,10200,10660,10149
24-Apr-2025,15307,10214,11009,10300
25-Apr-2025,15667,10219,11192,10317
28-Apr-2025,16420,10209,11219,10296
29-Apr-2025,16408,10199,11168,10190
30-Apr-2025,16265,10152,11087,10061
01-May-2025,16941,10061,11026,10046
02-May-2025,17241,10080,10974,10043
06-May-2025,16897,10066,10902,10063
07-May-2025,16050,10047,10921,10117
08-May-2025,14532,9979,10933,10196
09-May-2025,14169,9975,10837,10214
12-May-2025,14354,9978,10739,10224
13-May-2025,13859,9967,10508,10310
14-May-2025,13670,9957,10318,10314
15-May-2025,14691,9965,10249,10293
16-May-2025,16736,9967,10272,10324
19-May-2025,15656,10014,10299,10354
20-May-2025,15454,10085,10310,10377
21-May-2025,15383,10155,10236,10455
22-May-2025,15605,10328,10083,10433
23-May-2025,15757,10451,9882,10392
27-May-2025,15005,10567,9533,10280
28-May-2025,15539,10713,9187,10156
29-May-2025,17074,10792,8899,10055
30-May-2025,18885,10813,8736,9992
02-Jun-2025,19071,10779,8631,9981
03-Jun-2025,19350,10742,8637,9874
04-Jun-2025,20576,10750,8971,9845
05-Jun-2025,23592,10775,9563,9798
06-Jun-2025,23572,10802,9874,9762
09-Jun-2025,24961,10812,10042,9673
10-Jun-2025,24519,10811,10362,9583
11-Jun-2025,25679,10825,10700,9616
12-Jun-2025,29481,10847,11040,9761
13-Jun-2025,30866,10866,11274,9802
16-Jun-2025,30944,10922,11358,9839
17-Jun-2025,30357,11052,11316,9910
18-Jun-2025,28546,11138,11069,9967
19-Jun-2025,25524,11179,10838,10141
20-Jun-2025,23879,11224,10815,10271
23-Jun-2025,23367,11306,10918,10340
24-Jun-2025,23360,11311,11119,10391
25-Jun-2025,22592,11401,11489,10533
26-Jun-2025,19447,11451,11878,10604
27-Jun-2025,18408,11449,12074,10714
30-Jun-2025,17510,11426,12166,10762
01-Jul-2025,16677,11375,12162,10828
02-Jul-2025,16242,11368,12088,10996
03-Jul-2025,15705,11388,12229,11267
04-Jul-2025,15382,11390,12347,11634
07-Jul-2025,15132,11462,12441,11869
08-Jul-2025,14521,11503,12785,12188
09-Jul-2025,13715,11520,13254,12514
10-Jul-2025,13799,11567,14171,12910
11-Jul-2025,17453,11604,15407,13374
14-Jul-2025,19633,11689,16208,13693
15-Jul-2025,21003,11809,16578,14233
16-Jul-2025,21908,11945,16364,14586
17-Jul-2025,25055,12066,16063,14841
18-Jul-2025,25575,12110,15936,14983
21-Jul-2025,24720,12150,15896,14982
22-Jul-2025,25390,12203,15846,14771
23-Jul-2025,27688,12269,15806,14567
24-Jul-2025,31429,12273,15604,14376
25-Jul-2025,31756,12271,15204,14317
28-Jul-2025,31296,12245,14844,14258
29-Jul-2025,28830,12192,14335,14152
30-Jul-2025,26422,12223,13867,14034
31-Jul-2025,26858,12210,13593,13995
01-Aug-2025,27331,12201,13462,14001
04-Aug-2025,26187,12170,13360,14017
05-Aug-2025,24929,12167,13289,14136
06-Aug-2025,26434,12175,13455,14396
07-Aug-2025,26576,12233,13509,14608
08-Aug-2025,27716,12294,13376,14657
11-Aug-2025,27506,12336,13193,14711
12-Aug-2025,27048,12364,13023,14767
13-Aug-2025,27206,12417,13006,14853
14-Aug-2025,27404,12512,13089,14972
15-Aug-2025,27323,12570,13265,15066
18-Aug-2025,26638,12635,13337,15173
19-Aug-2025,25072,12741,13401,15268
20-Aug-2025,23778,12849,13649,15516
21-Aug-2025,22418,12945,14133,15722
22-Aug-2025,23160,13054,14596,15960
26-Aug-2025,25140,13236,15027,16131
27-Aug-2025,24786,13414,15529,16257
28-Aug-2025,23918,13555,15529,16432
29-Aug-2025,24257,13807,15287,16487
